1 0 0 0
0 1 0 0
0 0 1 0
0 0 0 1

    0.999998 -0.000759483    -0.001756    0.0121511
 0.000761256     0.999999   0.00100914    0.0188647
  0.00175524  -0.00101048     0.999998     -1.21847
           0            0            0            1

    0.999995  -0.00104097  -0.00313032     0.019816
  0.00104275     0.999999   0.00056841    0.0402561
  0.00312972 -0.000571671     0.999995     -2.43843
           0            0            0            1

    0.999991 -0.000587516  -0.00408685     0.027009
 0.000588141            1  0.000151685    0.0669923
  0.00408676 -0.000154087     0.999992     -3.64937
           0            0            0            1

    0.999988 -0.000265173  -0.00480756    0.0344433
 0.000265929            1  0.000156618    0.0893576
  0.00480752 -0.000157894     0.999989     -4.85566
           0            0            0            1

    0.999983  0.000269198  -0.00575609    0.0455247
-0.000268389            1  0.000141426     0.111838
  0.00575613 -0.000139879     0.999984     -6.06513
           0            0            0            1

    0.999979  7.25813e-05  -0.00642643    0.0534901
-6.57516e-05     0.999999   0.00106298     0.128761
   0.0064265  -0.00106253     0.999979     -7.26892
           0            0            0            1

   0.999974 0.000562996 -0.00713288   0.0635862
 -0.0005534    0.999999  0.00134725    0.150127
 0.00713363 -0.00134327    0.999974    -8.47593
          0           0           0           1

    0.999974   0.00113472  -0.00717065    0.0689434
 -0.00113594     0.999999 -0.000165685     0.186881
  0.00717046  0.000173826     0.999974     -9.69802
           0            0            0            1

    0.99998  0.00173756 -0.00602706   0.0661422
-0.00174448    0.999998 -0.00114412     0.22247
 0.00602506  0.00115461    0.999981    -10.9167
          0           0           0           1

    0.999989   0.00293717  -0.00363442    0.0456781
 -0.00293999     0.999995 -0.000770528     0.243944
  0.00363214  0.000781204     0.999993     -12.1272
           0            0            0            1

    0.999996   0.00256232  -0.00156701    0.0269938
 -0.00256306     0.999997 -0.000470306     0.266438
   0.0015658   0.00047432     0.999999     -13.3436
           0            0            0            1

    0.999997   0.00243702 -0.000155587    0.0135994
 -0.00243709     0.999997   -0.0004106     0.291332
 0.000154586  0.000410978            1      -14.553
           0            0            0            1

    0.999999   0.00104266  0.000737175   0.00708951
  -0.0010424     0.999999 -0.000350688     0.314471
-0.000737539  0.000349919            1     -15.7619
           0            0            0            1

    0.999998    0.0014199   0.00117139    0.0100946
 -0.00141952     0.999999 -0.000325943     0.334804
 -0.00117185  0.000324279     0.999999     -16.9738
           0            0            0            1

    0.999997   0.00183633   0.00178307   0.00404317
 -0.00183486     0.999998 -0.000824246     0.367887
 -0.00178458  0.000820971     0.999998     -18.1835
           0            0            0            1

    0.999995   0.00224174   0.00217142   0.00470492
 -0.00223964     0.999997 -0.000967411     0.393417
 -0.00217358  0.000962543     0.999997     -19.3939
           0            0            0            1

    0.999993   0.00208287   0.00302814  -0.00832543
 -0.00208261     0.999998 -9.02505e-05     0.398691
 -0.00302832  8.39432e-05     0.999995     -20.6053
           0            0            0            1

     0.99999   0.00235664   0.00366689   -0.0163791
 -0.00235931     0.999997  0.000723576     0.402982
 -0.00366517 -0.000732221     0.999993     -21.8142
           0            0            0            1

    0.999988   0.00177128   0.00458022   -0.0312899
 -0.00177218     0.999998  0.000191842     0.436325
 -0.00457987 -0.000199956      0.99999     -23.0207
           0            0            0            1

    0.999984   0.00183992   0.00529111   -0.0412685
 -0.00184119     0.999998  0.000235181     0.459961
 -0.00529066 -0.000244919     0.999986     -24.2429
           0            0            0            1

    0.999978   0.00210137    0.0063132   -0.0609019
  -0.0021063     0.999997  0.000775221     0.471283
 -0.00631155 -0.000788501      0.99998     -25.4579
           0            0            0            1

    0.999972   0.00171597   0.00722846   -0.0788475
 -0.00171634     0.999999  4.60186e-05     0.512326
 -0.00722837 -5.84242e-05     0.999974     -26.6735
           0            0            0            1

   0.999963  0.00319769  0.00804843  -0.0968521
-0.00318378    0.999993 -0.00174043    0.583128
-0.00805394  0.00171474    0.999966    -27.8832
          0           0           0           1

   0.999954  0.00345295  0.00900633    -0.11828
-0.00343786    0.999993 -0.00169011     0.60289
 -0.0090121  0.00165907    0.999958    -29.0927
          0           0           0           1

    0.999943   0.00420113   0.00986616    -0.140349
 -0.00419244     0.999991 -0.000901415     0.602896
 -0.00986985      0.00086     0.999951      -30.306
           0            0            0            1

    0.999931   0.00475023     0.010743    -0.159823
 -0.00475146     0.999989  8.89068e-05     0.595292
  -0.0107424 -0.000139946     0.999942     -31.5161
           0            0            0            1

    0.999925   0.00430355    0.0114832    -0.176592
 -0.00430522     0.999991  0.000120848     0.614386
  -0.0114825 -0.000170277     0.999934     -32.7221
           0            0            0            1

    0.999914   0.00485519    0.0121831    -0.196015
 -0.00484941     0.999988 -0.000503435     0.659544
  -0.0121854  0.000444311     0.999926     -33.9345
           0            0            0            1

    0.999903   0.00528583    0.0128627    -0.212715
 -0.00527812     0.999986 -0.000633393     0.683845
  -0.0128659  0.000565441     0.999917     -35.1573
           0            0            0            1

    0.999892   0.00589199    0.0134348    -0.227575
 -0.00588555     0.999982 -0.000519366     0.701812
  -0.0134377  0.000440239      0.99991     -36.3641
           0            0            0            1

    0.999882   0.00629833    0.0139801     -0.24272
 -0.00629112      0.99998 -0.000559196     0.728464
  -0.0139833   0.00047118     0.999902     -37.5768
           0            0            0            1

   0.999874  0.00725216   0.0141144   -0.241399
-0.00723563    0.999973  -0.0012219    0.776793
 -0.0141228  0.00111962      0.9999    -38.7985
          0           0           0           1

   0.999876  0.00691303   0.0141411   -0.237416
-0.00687839    0.999973  -0.0024965    0.851097
  -0.014158  0.00239892    0.999897    -40.0101
          0           0           0           1

    0.99988  0.00654091   0.0140698   -0.228203
-0.00649073    0.999972 -0.00360955     0.92614
  -0.014093   0.0035178    0.999894    -41.2272
          0           0           0           1

   0.999883  0.00593015   0.0141332   -0.225466
-0.00588166    0.999977 -0.00347008    0.947896
 -0.0141535  0.00338654    0.999894    -42.4398
          0           0           0           1

    0.99989  0.00481733   0.0140216   -0.215373
-0.00476927    0.999983 -0.00345875    0.970366
  -0.014038   0.0033915    0.999896    -43.6669
          0           0           0           1

   0.999908  0.00201251   0.0134165    -0.18186
-0.00194251    0.999984 -0.00522817     1.07073
 -0.0134268  0.00520163    0.999896    -44.8877
          0           0           0           1

   0.999929  0.00187702   0.0117545  -0.0956073
-0.00178039    0.999964  -0.0082261      1.2306
 -0.0117695  0.00820458    0.999897    -46.1041
          0           0           0           1

  0.999948 0.00130246   0.010094 -0.0115302
-0.0011912   0.999938 -0.0110199    1.38477
-0.0101077  0.0110073   0.999888   -47.3167
         0          0          0          1

    0.999962  0.000957703   0.00866405    0.0603284
-0.000833523     0.999897    -0.014325      1.56608
 -0.00867687    0.0143173      0.99986     -48.5315
           0            0            0            1

   0.999973  0.00138015  0.00719796    0.142094
-0.00126722    0.999876  -0.0156696     1.65742
-0.00721869   0.0156601    0.999851    -49.7469
          0           0           0           1

   0.999978  0.00326678  0.00576006    0.217275
-0.00318483    0.999894  -0.0141801      1.6045
-0.00580577   0.0141614    0.999883    -50.9663
          0           0           0           1

   0.999986  0.00230842   0.0046955    0.278905
-0.00224944    0.999919  -0.0125282     1.54202
-0.00472403   0.0125175     0.99991    -52.1793
          0           0           0           1

   0.999991  0.00158921  0.00398088     0.32463
-0.00154122    0.999926  -0.0120289      1.5377
 -0.0039997   0.0120227     0.99992    -53.3986
          0           0           0           1

   0.999991  0.00187812  0.00378976     0.34372
-0.00183419    0.999931  -0.0115627     1.53532
-0.00381121   0.0115556    0.999926    -54.6224
          0           0           0           1

   0.999986  0.00286923  0.00457244    0.308053
-0.00282061     0.99994  -0.0106033     1.50447
-0.00460258   0.0105902    0.999933    -55.8435
          0           0           0           1

   0.999978  0.00241052  0.00617987    0.224551
-0.00234361    0.999939  -0.0108115     1.53565
-0.00620555   0.0107968    0.999922    -57.0744
          0           0           0           1

   0.999968  0.00278242  0.00758537    0.152382
-0.00269023    0.999923  -0.0121363     1.63631
-0.00761855   0.0121155    0.999898    -58.2899
          0           0           0           1

   0.999958  0.00287811  0.00867785   0.0970431
-0.00277112     0.99992  -0.0123163     1.66897
 -0.0087126   0.0122917    0.999887    -59.5109
          0           0           0           1

   0.999954  0.00173358  0.00949236   0.0562222
-0.00161838    0.999925  -0.0121303     1.68236
-0.00951267   0.0121144    0.999881    -60.7321
          0           0           0           1

   0.999949  0.00144595   0.0099864   0.0358387
-0.00132666    0.999928  -0.0119417     1.69518
 -0.0100029   0.0119278    0.999879    -61.9507
          0           0           0           1

   0.999946  0.00235989   0.0101131   0.0360759
-0.00224192     0.99993  -0.0116605     1.70443
 -0.0101399   0.0116372    0.999881    -63.1666
          0           0           0           1

   0.999941   0.0032718   0.0103379   0.0279903
-0.00316073    0.999937  -0.0107423     1.66822
 -0.0103724    0.010709    0.999889    -64.3791
          0           0           0           1

   0.999939  0.00332721   0.0105879   0.0191359
-0.00320264    0.999926  -0.0117607     1.75261
 -0.0106263   0.0117261    0.999875    -65.5975
          0           0           0           1

  0.999937 0.00330715  0.0107391  0.0162593
 -0.003166   0.999909 -0.0131345    1.86847
-0.0107815  0.0130997   0.999856   -66.8125
         0          0          0          1

   0.999936  0.00296267   0.0109024   0.0142392
-0.00283758     0.99993  -0.0114703      1.7808
 -0.0109357   0.0114387    0.999875     -68.039
          0           0           0           1

    0.99994  0.00111387   0.0108761   0.0244123
-0.00100454    0.999949  -0.0100528     1.70377
 -0.0108868   0.0100413     0.99989    -69.2565
          0           0           0           1

    0.99994 -0.00101558   0.0109369   0.0292434
 0.00112815    0.999946  -0.0102908     1.74489
 -0.0109259   0.0103026    0.999887    -70.4607
          0           0           0           1

   0.999938 -0.00305673   0.0107444   0.0527463
 0.00316925     0.99994  -0.0104711     1.78239
 -0.0107117   0.0105045    0.999887     -71.661
          0           0           0           1

   0.999934 -0.00451582   0.0105366   0.0768142
 0.00463023     0.99993  -0.0108585     1.83562
 -0.0104869   0.0109066    0.999886    -72.8648
          0           0           0           1

   0.999943 -0.00499571  0.00941894    0.168597
  0.0051078    0.999916  -0.0119136     1.93987
-0.00935862    0.011961    0.999885     -74.066
          0           0           0           1

    0.99995 -0.00679915  0.00736578    0.329957
 0.00689338    0.999894  -0.0128443     2.03816
-0.00727766   0.0128944     0.99989    -75.2647
          0           0           0           1

   0.999975 -0.00546896  0.00459301    0.547906
 0.00551788    0.999927  -0.0107077     1.90194
 -0.0045341   0.0107328    0.999932    -76.4612
          0           0           0           1

   0.999995 -0.00248159  0.00203991    0.749448
 0.00249332     0.99998 -0.00576623      1.5418
-0.00202555  0.00577128    0.999981    -77.6562
          0           0           0           1

    0.999995  -0.00324585 -0.000319192     0.938486
  0.00324409      0.99998  -0.00538455      1.53425
 0.000336673   0.00538348     0.999986      -78.842
           0            0            0            1

   0.999992 -0.00239703 -0.00312385     1.16699
 0.00236831    0.999955 -0.00916519     1.86011
 0.00314569  0.00915772    0.999953    -80.0159
          0           0           0           1

   0.999976 -0.00255529 -0.00639871     1.43541
 0.00248783    0.999941  -0.0105295     1.99538
 0.00642525   0.0105134    0.999924    -81.1843
          0           0           0           1

    0.99994 -0.00278777  -0.0106229     1.78684
 0.00269305    0.999957 -0.00892038     1.88856
  0.0106473  0.00889123    0.999904    -82.3567
          0           0           0           1

     0.9999 -0.00203496  -0.0140065     2.07169
 0.00195085     0.99998 -0.00601628     1.67341
  0.0140185  0.00598835    0.999884     -83.527
          0           0           0           1

    0.999848 -0.000373839   -0.0174443      2.36675
 0.000325633     0.999996  -0.00276625      1.42385
   0.0174452   0.00276015     0.999844     -84.6923
           0            0            0            1

    0.999784  0.000220256   -0.0207765      2.65553
-0.000258595     0.999998  -0.00184268      1.36794
    0.020776   0.00184765     0.999782     -85.8646
           0            0            0            1

    0.999702   0.00039409    -0.024433      2.97852
-0.000484352     0.999993   -0.0036885      1.55369
   0.0244314   0.00369923     0.999695     -87.0275
           0            0            0            1

    0.999601 -0.000527996   -0.0282576      3.31842
 0.000409975     0.999991   -0.0041823      1.62339
   0.0282596   0.00416905     0.999592     -88.1854
           0            0            0            1

    0.999487 -0.000124538   -0.0320176       3.6587
 5.75371e-05     0.999998  -0.00209357      1.46323
   0.0320178   0.00209066     0.999485     -89.3397
           0            0            0            1

    0.999376  1.89309e-05    -0.035334      3.96244
-1.48387e-05            1  0.000116049       1.2879
   0.0353341 -0.000115453     0.999376     -90.4971
           0            0            0            1

    0.999264 -4.60065e-05   -0.0383578      4.23909
 5.78842e-05            1  0.000308516      1.29286
   0.0383578 -0.000310511     0.999264     -91.6535
           0            0            0            1

    0.999155   0.00124919   -0.0410891      4.49287
 -0.00128834     0.999999 -0.000926327         1.43
   0.0410879   0.00097848     0.999155     -92.8097
           0            0            0            1

   0.999038  0.00191319  -0.0438128     4.75285
-0.00201452    0.999995  -0.0022686     1.57554
  0.0438082  0.00235467    0.999037    -93.9692
          0           0           0           1

   0.998921  0.00302681   -0.046349     4.99604
-0.00321011    0.999987 -0.00388089     1.74806
  0.0463367  0.00402549    0.998918    -95.1312
          0           0           0           1

   0.998796  0.00429813  -0.0488684     5.24277
 -0.0045456    0.999977 -0.00495389     1.87354
   0.048846  0.00517006    0.998793    -96.2942
          0           0           0           1

   0.998674  0.00545156  -0.0511848     5.47403
-0.00559448    0.999981  -0.0026495     1.67151
  0.0511694  0.00293234    0.998686    -97.4581
          0           0           0           1

    0.998549   0.00693221   -0.0534049      5.69728
  -0.0068906     0.999976  0.000963236      1.33452
   0.0534103 -0.000593846     0.998572     -98.6298
           0            0            0            1

   0.998446  0.00630238  -0.0553664     5.89674
-0.00610459    0.999974  0.00374075     1.07656
  0.0553886 -0.00339694    0.998459     -99.804
          0           0           0           1

   0.998359  0.00609148  -0.0569346     6.05793
-0.00583838    0.999972  0.00461071     1.00724
  0.0569611 -0.00427074    0.998367    -100.981
          0           0           0           1

   0.998351  0.00609381  -0.0570867     6.07665
-0.00588386    0.999975  0.00384508     1.10581
  0.0571088 -0.00350285    0.998362    -102.173
          0           0           0           1

   0.998399  0.00594699  -0.0562412       5.992
-0.00583396     0.99998  0.00217376     1.29627
   0.056253 -0.00184218    0.998415     -103.39
          0           0           0           1

    0.998478   0.00654017   -0.0547627       5.8434
 -0.00650485     0.999978  0.000823256      1.45576
   0.0547669 -0.000465781     0.998499     -104.607
           0            0            0            1

    0.998592   0.00599076   -0.0527097      5.63496
 -0.00600626     0.999982 -0.000135646      1.57722
   0.0527079  0.000452043      0.99861     -105.832
           0            0            0            1

    0.998735   0.00579569   -0.0499409       5.3407
 -0.00583765     0.999983 -0.000694178      1.65465
    0.049936  0.000984836     0.998752     -107.081
           0            0            0            1

    0.998891   0.00537282   -0.0467827      5.00773
 -0.00540473     0.999985 -0.000555513      1.65834
   0.0467791  0.000807744     0.998905     -108.312
           0            0            0            1

    0.999074   0.00386209   -0.0428473      4.58518
 -0.00387213     0.999992 -0.000151352      1.63132
   0.0428464  0.000317122     0.999082     -109.557
           0            0            0            1

    0.999238   0.00362325   -0.0388627      4.15373
 -0.00365017     0.999993 -0.000621787      1.70358
   0.0388602  0.000763168     0.999244     -110.795
           0            0            0            1

    0.99939  0.00313587  -0.0347895     3.70874
-0.00319827    0.999993 -0.00173814     1.85164
  0.0347838  0.00184834    0.999393    -112.034
          0           0           0           1

   0.999528  0.00280026  -0.0306044      3.2468
-0.00287895    0.999992 -0.00252721     1.96217
  0.0305972  0.00261413    0.999529    -113.278
          0           0           0           1

   0.999658  0.00284722   -0.025997     2.72702
-0.00292941    0.999991  -0.0031242     2.05362
  0.0259879  0.00319929    0.999657     -114.54
          0           0           0           1

   0.999774  0.00227048  -0.0211537     2.17622
-0.00234055    0.999992 -0.00328793     2.09503
  0.0211461   0.0033367    0.999771    -115.789
          0           0           0           1

   0.999871   0.0014993  -0.0160107     1.58479
-0.00155399    0.999993 -0.00340374     2.13166
  0.0160055  0.00342818    0.999866    -117.033
          0           0           0           1

    0.999938  0.000958347   -0.0110799      1.01339
-0.000990647     0.999995  -0.00290998      2.09196
   0.0110771   0.00292078     0.999934     -118.287
           0            0            0            1

     0.99998 -0.000209631  -0.00627972     0.449113
 0.000194604     0.999997  -0.00239354       2.0537
  0.00628023   0.00239227     0.999978     -119.539
           0            0            0            1

1 0 0 0
0 1 0 0
0 0 1 0
0 0 0 1

    0.999998 -0.000759483    -0.001756    0.0121511
 0.000761256     0.999999   0.00100914    0.0188647
  0.00175524  -0.00101048     0.999998     -1.21847
           0            0            0            1

    0.999995  -0.00104097  -0.00313032     0.019816
  0.00104275     0.999999   0.00056841    0.0402561
  0.00312972 -0.000571671     0.999995     -2.43843
           0            0            0            1

    0.999991 -0.000587516  -0.00408685     0.027009
 0.000588141            1  0.000151685    0.0669923
  0.00408676 -0.000154087     0.999992     -3.64937
           0            0            0            1

    0.999988 -0.000265173  -0.00480756    0.0344433
 0.000265929            1  0.000156618    0.0893576
  0.00480752 -0.000157894     0.999989     -4.85566
           0            0            0            1

    0.999983  0.000269198  -0.00575609    0.0455247
-0.000268389            1  0.000141426     0.111838
  0.00575613 -0.000139879     0.999984     -6.06513
           0            0            0            1

    0.999979  7.25813e-05  -0.00642643    0.0534901
-6.57516e-05     0.999999   0.00106298     0.128761
   0.0064265  -0.00106253     0.999979     -7.26892
           0            0            0            1

   0.999974 0.000562996 -0.00713288   0.0635862
 -0.0005534    0.999999  0.00134725    0.150127
 0.00713363 -0.00134327    0.999974    -8.47593
          0           0           0           1

    0.999974   0.00113472  -0.00717065    0.0689434
 -0.00113594     0.999999 -0.000165685     0.186881
  0.00717046  0.000173826     0.999974     -9.69802
           0            0            0            1

    0.99998  0.00173756 -0.00602706   0.0661422
-0.00174448    0.999998 -0.00114412     0.22247
 0.00602506  0.00115461    0.999981    -10.9167
          0           0           0           1

    0.999989   0.00293717  -0.00363442    0.0456781
 -0.00293999     0.999995 -0.000770528     0.243944
  0.00363214  0.000781204     0.999993     -12.1272
           0            0            0            1

    0.999996   0.00256232  -0.00156701    0.0269938
 -0.00256306     0.999997 -0.000470306     0.266438
   0.0015658   0.00047432     0.999999     -13.3436
           0            0            0            1

    0.999997   0.00243702 -0.000155587    0.0135994
 -0.00243709     0.999997   -0.0004106     0.291332
 0.000154586  0.000410978            1      -14.553
           0            0            0            1

    0.999999   0.00104266  0.000737175   0.00708951
  -0.0010424     0.999999 -0.000350688     0.314471
-0.000737539  0.000349919            1     -15.7619
           0            0            0            1

    0.999998    0.0014199   0.00117139    0.0100946
 -0.00141952     0.999999 -0.000325943     0.334804
 -0.00117185  0.000324279     0.999999     -16.9738
           0            0            0            1

    0.999997   0.00183633   0.00178307   0.00404317
 -0.00183486     0.999998 -0.000824246     0.367887
 -0.00178458  0.000820971     0.999998     -18.1835
           0            0            0            1

    0.999995   0.00224174   0.00217142   0.00470492
 -0.00223964     0.999997 -0.000967411     0.393417
 -0.00217358  0.000962543     0.999997     -19.3939
           0            0            0            1

    0.999993   0.00208287   0.00302814  -0.00832543
 -0.00208261     0.999998 -9.02505e-05     0.398691
 -0.00302832  8.39432e-05     0.999995     -20.6053
           0            0            0            1

     0.99999   0.00235664   0.00366689   -0.0163791
 -0.00235931     0.999997  0.000723576     0.402982
 -0.00366517 -0.000732221     0.999993     -21.8142
           0            0            0            1

    0.999988   0.00177128   0.00458022   -0.0312899
 -0.00177218     0.999998  0.000191842     0.436325
 -0.00457987 -0.000199956      0.99999     -23.0207
           0            0            0            1

    0.999984   0.00183992   0.00529111   -0.0412685
 -0.00184119     0.999998  0.000235181     0.459961
 -0.00529066 -0.000244919     0.999986     -24.2429
           0            0            0            1

    0.999978   0.00210137    0.0063132   -0.0609019
  -0.0021063     0.999997  0.000775221     0.471283
 -0.00631155 -0.000788501      0.99998     -25.4579
           0            0            0            1

    0.999972   0.00171597   0.00722846   -0.0788475
 -0.00171634     0.999999  4.60186e-05     0.512326
 -0.00722837 -5.84242e-05     0.999974     -26.6735
           0            0            0            1

   0.999963  0.00319769  0.00804843  -0.0968521
-0.00318378    0.999993 -0.00174043    0.583128
-0.00805394  0.00171474    0.999966    -27.8832
          0           0           0           1

   0.999954  0.00345295  0.00900633    -0.11828
-0.00343786    0.999993 -0.00169011     0.60289
 -0.0090121  0.00165907    0.999958    -29.0927
          0           0           0           1

    0.999943   0.00420113   0.00986616    -0.140349
 -0.00419244     0.999991 -0.000901415     0.602896
 -0.00986985      0.00086     0.999951      -30.306
           0            0            0            1

